Saga (N) 6407/2-3
   1  31-240-228-316-326 171  -4 270 329 328 178 332 325  23 352 269  81  15  91
 362 334-233-219-335-300  93 209 368  -3-367   7-227 -41-369  43  46 371  25 -97
-182 -56-407-400  24 370-372 289-324-198-410  12  29  13  72 -92 197-201 321 -68
  94  32-166-387 388 229-175  99  39-260-279 -50 -54 306 -47 108 157 -21  22  28
  76 184 -57-105 129-251-245-134-310 169-163-114 196-192-106-133-999
Statoil (N) 6407/4-1
 326 -31  -1-228-338  64 270-339 325-332-181 159 329   4  23 340 269 301  91-391
-392  15-125-361-394 219-363 335 341-342-362 236-395 396 406 368   3 373   7 227
-369  46 -41 371  25 -97-372-407 289 400 324-410  56-197 182  29-229 -32-398 321
-263 -68-261 -12 201-183 370 401  72-402  98 260 -54 387 279 -83 403 -92 166-388
 175 306 -50  99-389  22-108 374-375 408  28 169 -76-105 -57 310-405 118 -30 129
-283 409 264-291-999
Elf Aquitaine (N) 6406/8-1
   1-338-228-270 -23 333 316   4 181 301-269 -91 361  15-334  71 138-282  81-125
 122-362-363  70 219 395 348-406 344 368 349  -7-367 373 371-227-369 -41  -3  25
-289 182-170-324-198-407 140 -20 400  97 372 142-370 197 -13 261  29 259  32 -68
-263 229 166  92  98 321 387 201 260 403  99 378 306 -50 -54-415 113 -22-108-389
 376  28  76 114 129-310-118 409-999
Hydro (N) 34/8-1
  31 -77-240  -1-228  -8-326 171 328-329  -4-270-178  23  64 327 181 159 316 269
-285 207  17  15-233-334-411 412-413   3-145 -51 128 -24-176 351  25-182 -97-321
 261 150  41-289   7  46  29 -32 -11 -63 -59 -48  12 -69 -13  75 -67 198 -83-151
 260  88 -72  92  94 279  68  98 -99 175-192 -36  14-100 251  45 -47 146 154 194
 -50 108 -21-113  22  28 298-299 -54-283-105-196  76-295-310-114 284  57 134-115
 131 129 118  30  55-135 158 107-155-999
Esso (N) 16/1-1
  77-228 -64-270  23  -1  -4 219   5-269 266  71  91 236-125 -15 285 -17 282 207
  25  51  41 140 -24-182 -97 206 321-261-289 260  12 263  68  29 156  99-100 205
 279 -54-153  37 -50  86 157  36 108 -28  22  78 204 203  76 283 184  45  57 107
 -61 -55-274  60 253 -19-999
Saga (N) 34/4-5
  77-240 -64-228  -1 -31-328-329 316 331  23-270 171 327  -4 266 269 243   6 207
 287 -15 -81-116 362  97  91-170 233-272 147-361 210 363-412-415-406  24  20-176
-368-367   7   3 227-371-369  25  75 -12-370 261 -13 -72-198 161 229  83  92-403
 388  29-166-167 -98  99-378  54 -50 -39-260-306-168-115 -14 204 157  28-108-203
 172 -78 129 169 -57-134  76 118  30-999
Hydro (N) 6407/7-1
  24  -7   3 -51  41 -43  46  48  59 -63  11  70  67  25-324  29 -13 -69  12 -72
 -75  68 -97  83 -88-156  32-211  92  94 175  98 100 -99  54-260-261  39 101-104
 279-192-166  50-146 108-113 280-263 157  21  78  28 283 114 129-295-278-310  57
-250 115 -30-118-184 251-131-135 105-999
6407/7A-1
  31-228   1 270-316 -77   4-159-171 266 269  23   5-318-999
BP (UK) 15/20-2
  77 228-269  23 219 207  17 -10-236-123-272 -15-285-130 176  25 182 -97-138 142
 206  71  29 260  86 -68  32 259 261 205  54  90 -37 160 -50 -52-279  22 -78 164
 204 203 105 -76  57 283 202-999
Saga (N) 2/2-4
 240 171  77 228 338  31  -1 318 -23 269  74 339   2 414-391   9-243 361 394 363
 219-362  97  25 130-342 359  91-410 122 236-282-360 285 125  18  17 -15 198-324
-261 259 384 182 183 289 321-385 319 351   7  41 197 210  33 -82  32 -20  29 263
  12-399  72 260  54  68  83 279-175  99-378-389  50 376 113 -21-157  57-163  28
 134 -76 169  55 185 386 -61-281 -60 253-999
Shell (UK) 22/6-1
  77 316 228 270   1  23  74 266   6-323-130 301-125 282 207  91  17-123  15-236
 138  97-410 182 111 198 259-289 229 183  32 140 -24 324 321 261 206 263  68 205
  54  50 204 203  22 310  76-134  57  61-107 202-999
Amoco (N) 2/8-1
 228 -77   9  23-269  71 219  -6-236 -15-130  17  25 292 261 182-183 225 321 229
  68 263  29  54 105-310 107-999
Saga (N) 35/3-1
 240-228-338 171  -1  31 270 332-181 361 363 362  91 348-282  24-412-413   3   7
-368  17 351 371-372  16-210  25  75-387 161-108 374-172  22  57 114 129 -76 118
 251-134 353-253  60 -61 386 281-999
Saga 6406/2-1
 159 -77 328  23 364-391 457 339-316-109-352   4 288-269 394   5   6  -8 -58-287
-446-442-334 363-246  15-236-123 300 346 383-219 127-122-362 365 395-239 413 396
-397 349 459 149 351 275-377  -7 -24-211 227 183 369 321-140  46 289-170 407 261
  12  29 425  68  99 100 175 231 146 -50 415 108-453  22  28 251-283 -57 -76 114
 510-169-310-471 131-184-999
LAST
