Saga (N) 6407/2-3
   1  31-240-228-316-326 330 171  -4 270 329 328 178 332 325  23 352 269  81  15
  91 362 334-233-219-335-300  93 209 368  -3-367   7-227 -41-369  43  46 371  25
 -97-182 -56-407-400 302 -24 370-372 289-324-198-410  12  29  13  72 -92 197-201
 321 -68  94  32-166-110-387 136 388 229-175  99  39-260-279 -50 -54 306 -47 108
 157 -21  22  28  76-291 184 -57-105 129-251-245-134-264-310 169-163-114 196-192
-106-133-999
Statoil (N) 6407/4-1
 326 -31  -1-228-338  64 270-339 325-332-181 159 329   4  23-330 340 269 301  91
-391-392  15-125-361-394 219-363 335 341-342-362 179-395 396 406 368   3 373   7
 227-369  46 -41 371  25 -97-372-407 289 400 324-410 302 -56-197 182-262  29-229
 -32-398 321-263 -68-261 -12 201-183 370 401  72-402  98 110-260 -54 387 136 279
 -83 403 -92 166-388 175 306 -50  99-389 277  22-108 374-375 408  28-343 169 -76
-105 -57 310-405 118 -30 129-283 409-999
Elf Aquitaine (N) 6406/8-1
   1-338-228-270 -23 333 316   4 181 301-269 -91 361  15-334  71 138-282  81-125
 122-362-363  70 219 395 348-406 344 368 349  -7-367 373 371-227-369 -41  -3  25
-289 182-170-324-198-407 140 -20-302 400  97 372 142-370 197 -13 262-261  29 259
  32-264 -68-263 229 166  92  98 136 321 387 201 260 403  99 378 306 -50 -54-415
 113 -22-108-389 376  28  76 114 129-291-310-118 409-999
Hydro (N) 34/8-1
  31 -77-240  -1-228  -8-326 171 328-329  -4-270-178  23  64 327 181 159 316 269
-285 207  17  15-233-334-411 412-413   3-145 -51 128 -24-176 351  25-182 -97-321
 261 150  41-262-289   7  46  29 -32 -11 -63 -59 -48  12 -69 -13  75 -67 198 -83
-151 260  88 -72 264  92  94-117 279  68  98 -99 175-192 -36  14-100 251  45 -47
 146 154 194 -50 108 -21-113  22 277  28 298-299 -54-283-105-196  76-295-310-114
 284  57 136-110-134-115 131 129 118  30  55-135 158 107-155-999
Esso (N) 16/1-1
  77-228 -64-270  23  -1  -4 219   5-269 266  71  91 236-125 -15 285 -17 282 207
  25  51  41 140 -24-182 -97 206 321-261-289 260-262  12 117 263  68  29 156  99
-100 205 264-279 -54-153  37 -50  86 157  36 277-108 -28  22  78 204 203  76 136
 283 184  45  57 107 -61 -55-274  60 253 -19-999
Saga (N) 34/4-5
  77-240 -64-228  -1 -31-328-329 316 331  23-270 171 327  -4 266 269 243   6 207
 287 -15 -81-116 362  80 -97  91-170 233-272 147-361 210 363-412-415-406  24  20
-176-368-367   7   3 227-371-369  25 302  75 -12-370 261 -13 -72-198 161 229  83
  92-377 388  29-166-167 -98  99-378  54 -50 -39-260-306-168-115 -14 204 157  28
-108-203 172-343 -78 129 169 -57-136-134  76 118 264-110 -30-999
Hydro (N) 6407/7-1
  24  -7   3 -51  41 -43  46  48  59 -63  11  70  67  25-324  29 -13 -69  12 -72
 -75  68 -97  83 -88-156  32-211 262-117  92  94 175  98 100 -99  54-260-261-136
 264 -39 101-104 279-192-166  50-146 110 108-113 280-263 157  21  78  28 283 114
 129-295-278-310  57-250 115 -30-118-184 251-131-135 105-999
6407/7A-1
  31-228   1 270-316 -77   4-159-171 266 269  23   5-318-999
Shell (UK) 9/23-1
  77-228-270  23 269  17  16 285  15 123 138 287 126-282  20 292  18  25 142 215
 140 165 206  97 -68 264-177 263 -32  86  29 205 117  54-260-261 279  78 136 277
 204 203 105  76  57 106-129 284-283 134 174 291-310 251 202 200 -55 -61-253-293
 -60-999
Mobil (UK) 9/13-1
 334  17 -20  25 -97  34-148-193  42 -29 -68-264 -37 117  50 -86 -22  54 110 310
  76 134 284  78  61 -60 -19-253  55 107-999
Mobil (UK) 9/13-3A
  77 286 -17-411 219 -20 -18  71  16-165  15 271 -25-138-233 -97-142 -81  32 148
  34  68 177 264 205  29 117  54  22 277 204 -57 203 129-310-298  76 136 110 106
 202  55 -61 -60-999
BP (UK) 15/20-2
  77 228-269  23 219 207  17 -10-236-123-272 -15-285-130 176  25 182 -97-138 142
 206  71  29 260  86 -68 264  32 259 261 117 205-291  54  90 -37 160 -50 -52-279
 110  22 -78 164 204 203 105 -76  57 283 202-999
BP (UK) 21/10-1
  70 -15-285 236-138 -17 -91  25 -97  24-182 261-140-321 183-262 264 -29 263  68
 278-260 277  22 -78  76 105  57-136  60-999
BP (UK) 21/10-4
   4 207  17  -9-236-138 219 -25 -80  97 182 261 198-229 324-259 321 385 289 206
 291  29 298  68 205  78 204 203 263  57 202 253 -60 -55  61-281-999
Saga (N) 2/2-4
 240 171  77 228 338  31  -1 318 -23 269  74-330 339   2 414-391   9-243 361 394
 363 219-362  97  25 130-342 359  91-410 122 179-282-360 285 125 262 -18  17 -15
 198-324-261 259 -80 384 182 183 289 291-321-385 319 351   7  41 197 210  33 -82
  32  29 263  12-399  72 260  54  68-264  83 279-110-175  99-378-389  50 376 113
 -21-157 136 -57-343-163  28 134 -76 169  55 185 386 -61-281 -60 253-999
Shell (UK) 30/19-1
  77 228 270  23   2 269   6  91  25 123 -15  97 219-183 207  10-125-236-285 124
-173-195 -17 262 182 259 322 385 321 -24-132-111-261 289 309  27 140  29 206 263
-260  32 117 291  68 134 110 205 264 -54 204  22 203  76 -57 310  55  60  61 129
 202  78 251 106-999
Shell (UK) 29/3-1
  77-317-240 228 270 300 316  23 318  -1  74 266  -2 269-130 301  -6 207  91 236
-282 -17 123 125   8 219  25-262  97 182 309-261 259-183 320 321 140 -20  15 289
  24-208-111-138-307-132 291 -32 206 322 263-264  29 -68-260 136  54 205 192  78
  50  22 204 203  76-284  57 110 310 129 283 202  61-999
Shell (UK) 22/6-1
  77 316 228 270   1  23  74 266   6-323-130 301-125 282 207  91  17-123  15-236
 138-262  97-410 182 111 198 259-289 229 183  32 140 -24 291 324 321 261 206 264
 263  68 205 117  54  50 204 203  22 136 310  76-134  57 110  61-107 202-999
Phillips (UK) 16/17-1
 207  25  97-233 259 324 183 229  18 182 262 261  29 206 260  54 263 291  32  68
 298 264 205 117 284-175  22 204 310 134 -57  76 107  61  78 202  55-999
Phillips (UK) 23/22-1
  77 228 270  64 219  23 266-269 236 -74-122 -58-123 207  25 182 262-183 385  24
 140 261 206 148  29 -32-264 -68 205  22 204 203  19 -55 202-999
Amoco (N) 2/8-1
 228 -77   9  23-269  71 219  -6-236 -15-130  17  25 292 261 182-183 225 321 229
  68 263  29  54 105-310 136 107-999
Saga (N) 35/3-1
 240-228-338 171  -1  31 270 332-181 361 363 362  91 348-282  24-412-413   3   7
-368  17 351 371-372  16-210  25  75-387 161-108 374-172  22  57 114 129 -76 118
 251-343-134 353-264-354-253  60 -61 386 281-999
Saga 34/7-1
  77-228-328  -1  31 270-338-171 181  23 316 159  -4-266 391-414 116-269-347 411
 -81-334 362 361  24 -20-412 176  17 142 182 289 -97-302 -25-259  29 -56-321 -12
 198 197  13 -75 370-999
Saga 34/7-2
 270 -31-318-228-171-152   1-328-329-352 159-327  23-116   4 -74 339 269 181 266
 394  81-411  15-330 334 348 -91 413-412  97-319 -25 211-302-321-170 289  80  29
  32  12  13  72-999
Saga 34/7-4
   4-270 -31-228  -1-338-171 -77 328 159-152 181-352 318-327-316   6-266  -5 411
 -15-307-210-347 330 179 111-383 140 413 182  25-302-289 -97  12  13  72-999
Saga 34/7-15s
 270 -31-181-339  -1 -77-228-338 330 159-327  -4-352 347  23 233 -81  15-219 -91
 413-412  24 -20 176 140 302 -25-182 -97 197 289 198 -56-170  29 261 -32  68-263
-229-999
Total (UK) 3/25-1
 207 102 111  18  85-225  25  97-183-182 140 206 261 260  68-229  29-262 264 -54
 136 205  50 310-298 204 203 134  76 290 -78  61-129-283 107-110 253 -60 -19 281
-238  55 133-999
LAST
